10
34
29
16
16
22
9
14
31
22
11
29
9
22
20
13
11
10
19
8
2
2
1
4
7
26
35
2
2
15
22
14
38
31
26
3
11
26
28
30
32
11
8
19
17
27
5
22
32
29
35
27
19
13
32
3
29
10
23
15
11
25
9
23
23
4
6
24
4
24
12
24
16
3
7
1
26
26
3
29
32
34
8
8
35
15
35
21
8
36
13
1
31
15
18
10
23
5
3
20
5
4
20
8
33
37
1
25
2
6
35
4
19
1
25
25
35
33
11
29
33
36
14
36
30
36
6
10
6
37
32
16
19
29
2
22
13
11
14
5
7
33
19
17
15
12
7
18
22
18
14
31
33
38
38
30
1
18
27
16
30
12
20
27
1
17
34
31
4
4
11
16
31
10
28
23
28
28
34
21
17
2
12
38
7
11
25
2
9
34
34
13
26
14
32
3
28
25
1
30
3
16
12
15
15
1
27
14
25
4
26
13
7
9
32
28
9
27
9
23
29
21
20
30
3
9
1
28
37
8
30
35
21
37
25
6
6
1
12
36
32
11
6
2
1
14
30
30
2
22
37
10
6
6
33
2
15
14
16
22
10
22
19
35
17
6
27
19
16
13
35
37
20
34
21
2
13
25
2
20
38
21
15
21
37
20
27
20
17
12
7
14
2
9
7
9
2
20
25
23
38
29
26
23
2
1
26
35
31
24
36
8
13
31
5
10
1
5
21
19
2
12
38
5
18
18
7
5
27
36
38
28
4
3
8
19
36
10
4
25
24
27
38
1
9
17
24
3
21
26
17
28
16
33
19
17
8
11
34
37
37
21
5
37
15
17
29
33
36
33
36
3
31
24
5
35
17
37
15
31
1
13
32
38
27
18
18
7
13
33
7
21
30
33
1
5
23
18
30
1
34
28
28
23
23
3
