1
1
1
1
1
1
1
1
1
1
1
1
1
1
1
1
2
2
2
2
2
2
2
2
2
2
2
2
2
2
2
2
6
6
6
6
6
6
6
6
7
7
7
7
7
7
7
8
8
8
8
8
8
8
8
11
11
11
11
11
11
11
11
11
10
10
10
10
10
10
10
10
10
29
29
29
29
29
29
29
29
23
23
23
23
23
23
23
23
25
25
25
25
25
25
25
22
22
22
22
22
22
22
22
18
18
18
18
18
18
18
18
9
9
9
9
9
9
9
9
17
17
17
17
17
17
17
27
27
27
27
27
27
27
27
32
32
32
32
32
32
32
32
31
31
31
31
31
31
31
26
26
26
26
26
26
26
26
20
20
20
20
20
20
20
13
13
13
13
13
13
13
13
16
16
16
16
16
16
16
21
21
21
21
21
21
21
21
28
28
28
28
28
28
28
28
15
15
15
15
15
15
15
15
14
14
14
14
14
14
14
14
24
24
24
24
24
24
24
24
5
5
5
5
5
5
5
5
12
12
12
12
12
12
12
12
12
3
3
3
3
3
3
3
3
30
30
30
30
30
30
30
30
4
4
4
4
4
4
4
4
19
19
19
19
19
19
19
19
