19
19
19
19
19
19
19
19
19
33
33
33
33
33
33
33
33
33
33
17
17
17
17
17
17
17
17
17
17
17
15
15
15
15
15
15
15
15
15
21
21
21
21
21
21
21
21
21
21
23
23
23
23
23
23
23
23
23
23
23
29
29
29
29
29
29
29
29
29
29
27
27
27
27
27
27
27
27
27
27
49
49
49
49
49
49
49
49
49
49
43
43
43
43
43
43
43
43
43
43
43
57
57
57
57
57
57
57
57
57
57
45
45
45
45
45
45
45
45
45
45
47
47
47
47
47
47
47
47
47
47
31
31
31
31
31
31
31
31
31
31
45
45
45
45
45
45
45
45
45
45
51
51
51
51
51
51
51
51
51
25
25
25
25
25
25
25
25
25
25
9
9
9
9
9
9
9
9
9
9
11
11
11
11
11
11
11
11
11
11
35
35
35
35
35
35
35
35
35
35
5
5
5
5
5
5
5
5
5
5
5
5
5
5
5
5
55
55
55
55
55
55
55
55
55
55
41
41
41
41
41
41
41
41
41
41
41
52
52
52
52
52
52
52
52
52
52
39
39
39
39
39
39
39
39
39
39
39
58
58
58
58
58
58
58
58
58
9
9
9
9
9
9
9
13
13
13
13
13
13
13
13
37
37
37
37
37
37
37
37
37
37
7
7
7
7
7
7
7
7
3
3
3
3
3
3
3
3
3
3
3
3
3
3
3
1
1
1
1
1
1
1
1
1
1
1
1
1
1
1
6
6
6
6
6
6
6
6
6
6
6
6
6
6
6
6
4
4
4
4
4
4
4
4
4
4
4
4
4
4
4
4
20
20
20
20
20
20
20
20
20
20
10
10
10
10
10
10
10
10
10
14
14
14
14
14
14
14
14
14
14
8
8
8
8
8
8
8
22
22
22
22
22
22
22
22
26
26
26
26
26
26
26
26
26
26
18
18
18
18
18
18
18
18
18
18
12
12
12
12
12
12
12
12
12
12
16
16
16
16
16
16
16
16
24
24
24
24
24
24
24
24
24
24
30
30
30
30
30
30
30
30
30
2
2
2
2
2
2
2
2
2
2
2
2
2
2
2
2
38
38
38
38
38
38
38
38
38
38
46
46
46
46
46
46
46
46
46
46
56
56
56
56
56
56
56
56
56
56
40
40
40
40
40
40
40
40
40
34
34
34
34
34
34
34
34
34
32
32
32
32
32
32
32
32
32
32
54
54
54
54
54
54
54
54
54
48
48
48
48
48
48
48
48
48
48
50
50
50
50
50
50
50
50
36
36
36
36
36
36
36
42
42
42
42
42
42
42
42
42
28
28
28
28
28
28
28
28
28
28
44
44
44
44
44
44
44
59
13
7
7
